750
39
931
23
28
109
222
251
347
451
480
514
567
805 577 
596
604
663
590 664 
882 894 
907
960 116 
141
181
233
238 402 
404
421
433
427 498 
533
546
729
812
900
918 988 
994
549
638
38
847 714 
886
978
18 547 
746
107
340
450
778
923
243 928 
969
932 66 
369
398 27 
381
168 188 
15 96 
137 151 
302
367
162 438 
482 587 
648
662 698 
702
852
888
866 973 
64 65 
78
259 262 
313
442
368 461 
149
229
232
317
657 337 
576
641
645
760 773 
499
9
717 82 
118 163 
216
183 297 
325
383 385 
462
407 469 
560
478 635 
644
771
818 984 
745
505
554
200 579 
669
956 631 
962
715 545 
569
607 537 
541
0 108 
807
761
592
926
613
111
112
72 147 
240
157 344 
456
526
388 630 
694
925
935
938
967 76 
145
261
305
105 394 
620 665 
835 884 
822
284
597
848
799
911 953 
195 762 
601 711 
871 51 
241
329
594
629
712
830
845
972
504
114 522 
491
21
726 339 
564 856 
70
211
67 256 
681 833 
33
361
636 93 
318 881 
966
25
154
293
400
146 563 
756
628 814 
61 943 
249 449 
14
45
10 117 
206 376 
464 534 
725
794 801 
970
876 675 
842
29
81
90
197
314
342
352
476 371 
423
441
649
674 676 
730
741
99 44 
889
739
98
446
349
230
80 273 
417 444 
708
140
944
795 52 
121
136
201
396
373 528 
588
622 670 
846 253 
640
277
332
387
416
555
561
602
650
680
624 40 
123 285 
486
106
281
283
397
231 455 
511 580 
586 695 
732
791
950
532
654
735 781 
755
187
377
929 447 
489
235
169 343 
370
497
519
827
864
865
103
213
776
974 95 
488
508
691
875
639
104 920 
62
127
274
459 171 
287
366 372 
723
983
749 290 
873 857 
734
50
83
408 204 
260
236 390 
496 603 
774 825 
948
986
987
912 763 
203
1
265
490 615 
412
507
990 548 
125
338 426 
133 359 
212
5
132
276
311
610
652
410 797 
815
939
219
42
300
393
633 413 
721 731 
804
829
916 977 
992
779
740 335 
860
524 345 
319
997
296
384 800 
63
996 153 
196
155 689 
872 341 
841 572 
868 903 
19
60
334
354
356
509
559
30 808 
840 223 
766
362
86 415 
89
94 190 
288 632 
690
878
879 945 
605
331 79 
406
75
142
753 327 
328
671
405 666 
757
863
718
788 716 
851
858 958 
57 543 
820
360
672
252 422 
516
706
859
110
854
736
593
7
544 8 
286
440
500
227 518 
616
647
472
139
167
326
891 156 
869
998
475 26 
386 513 
591
686 837 
905
119 101 
176
247
255
270 403 
471 542 
855
917
979 993 
942
557
411
221 558 
803
975
275
823
661 552 
53 172 
777
764
3
389
425
186
963
226 271 
626
113
175 330 
448
494 553 
562 54 
91 144 
336 418 
435
457
463
92
173 191 
346
679
819
244 701 
179
309
436
22
49 150 
350 458 
678
806 838 
913
897 930 
936
17
952 291 
348
452 501 
877
991 58 
289 129 
170
268
363 409 
887
850
189
254
485
625 529 
595 759 
921
810 68 
228
769 503 
790
570
11
292
703 946 
87
217
643 752 
709 131 
263 566 
642
160 165 
538
374
13
31 152 
606
738
264 832 
844
120
174
97 512 
704
308
861 527 
627
784
437 817 
849
904 957 
6 322 
924
48
225
185 355 
392 751 
836
964
947 578 
540
73
468
502
949 634 
658
780
955
965 257 
420
941 59 
727
728
824 961 
320
506
611
742
885 306 
209
182 215 
379
720 816 
821
258
980 115 
303
180 401 
750 474 
862 583 
301
307 783 
430
208
439
768
298
927 909 
41
933
304 465 
775
34
937 88 
365 428 
646
589 660 
802
282
811
177
312
364
520
922
382 207 
637 69 
184
467
551
677
391
539
310 696 
954
166
479
951
294
798 853 
683 599 
870
148
245
380
530
968 697 
138 700 
32 47 
743
434 793 
202
574
248 617 
719
724
747
4
999 85 
880
178
279
316
668 982 
758 250 
234 399 
495 995 
16
792
266 126 
477
481 600 
896
473
787
895
831
492 915 
515
765 517 
122
653 981 
453
20 466 
74
687
375 737 
424 84 
210
744 280 
46 598 
299
614
621
239
571 582 
37 71 
205
353 454 
357
220
535 324 
130 432 
36 158 
890
321 902 
971
159
688
267
134 487 
575
826
470 673 
809
707
767
323
525 414 
493
914
959
161 242 
899
24
786
585 443 
315
893
796 910 
460
214 940 
193
536
667
682
521 609 
651 770 
43
785
218 834 
135
429
100
705 55 
989
35
278
906
164
874
573 813 
128 510 
419 608 
754
351
550
556
898 699 
684 523 
710 685 
772
692
237 618 
531
976
568 445 
656
713
272
2 782 
192
565
194
619 883 
908
623
199 828 
143 612 
358
224 484 
733
839
722
12 102 
246 985 
431
693
581 901 
867
56
655
584
919 198 
124 789 
378
483
843
659 934 
77
395 295 
748
333
269 892 
